32 116
32 97
104 101
32 119
114 101
105 110
32 115
101 114
256 258
110 100
32 98
32 111
32 102
97 115
105 116
32 99
105 115
257 265
97 116
32 112
111 117
111 111
32 109
32 103
99 101
32 100
32 73
101 100
261 103
111 114
32 104
101 110
108 108
256 111
101 115
259 269
32 108
111 110
97 110
277 100
32 110
256 104
117 116
111 116
97 114
32 84
118 101
118 263
114 105
32 101
108 101
111 109
32 272
117 115
266 101
105 99
97 100
267 102
108 121
259 101
97 108
32 270
32 261
32 260
268 285
301 258
108 97
267 110
117 114
101 116
105 280
32 121
97 121
268 295
262 116
266 298
115 116
111 119
109 101
97 288
327 276
46 46
105 100
103 104
97 99
296 299
107 101
269 116
286 97
108 100
287 116
39 116
270 104
32 258
279 295
259 348
105 293
275 322
260 274
353 280
263 118
105 114
303 121
257 260
257 116
32 83
297 274
315 260
267 114
286 312
101 108
39 115
32 87
117 110
297 272
278 121
356 326
309 116
344 302
259 104
105 288
99 104
112 112
294 116
264 121
307 101
271 104
278 101
262 101
102 102
279 354
276 345
116 263
335 121
257 110
292 105
97 98
305 120
114 111
262 111
262 372
257 115
101 99
32 66
32 65
32 106
256 105
260 100
349 260
262 97
296 101
340 107
32 77
32 358
258 114
311 107
339 116
279 111
116 104
290 116
101 265
32 105
268 304
267 298
257 108
97 107
32 67
364 100
277 107
262 112
117 112
111 115
263 115
292 111
111 260
32 78
32 114
114 121
276 115
391 342
304 280
109 112
113 117
103 101
270 101
260 115
110 116
279 325
97 270
262 104
117 108
282 116
264 260
32 70
401 373
261 107
290 115
266 407
402 334
116 121
268 114
111 112
105 302
32 80
105 122
32 79
259 444
33 33
332 97
276 116
84 258
97 109
32 107
257 288
271 258
311 104
256 343
32 71
258 110
116 352
97 261
101 102
281 272
32 309
393 112
32 72
271 111
368 101
257 98
259 387
118 287
101 119
99 107
259 285
274 101
267 324
105 108
293 101
337 46
32 426
418 416
97 342
32 68
276 339
115 111
271 307
456 307
32 40
32 438
274 352
324 379
32 118
114 97
281 111
101 403
271 294
267 303
330 97
281 338
257 109
262 117
264 357
119 328
392 306
104 272
464 506
319 521
319 389
275 436
262 381
323 101
417 102
118 285
261 116
105 434
276 114
259 376
105 412
258 260
275 260
305 274
262 316
310 287
97 334
281 114
411 287
281 366
39 302
101 109
338 101
261 101
296 326
321 121
111 121
116 410
300 100
259 474
98 306
484 465
261 100
423 263
336 114
32 287
279 299
104 284
270 116
296 111
540 451
256 277
390 121
266 300
111 529
323 314
310 116
32 76
266 260
272 104
278 430
99 307
513 385
369 377
333 110
117 109
293 103
309 101
290 101
285 116
99 97
257 103
382 541
32 69
423 510
115 101
375 471
398 116
111 332
102 446
256 433
267 550
286 269
281 293
569 388
270 121
496 314
266 415
518 115
275 101
32 49
441 115
263 105
114 276
305 486
460 122
102 388
281 261
287 280
375 274
278 287
311 530
97 103
32 369
561 306
105 103
305 358
116 455
330 300
278 294
268 322
429 99
281 101
262 109
97 378
271 293
583 580
297 294
284 115
310 629
104 105
278 261
292 617
275 394
385 101
110 263
97 439
613 117
32 82
420 601
267 112
398 105
111 108
32 36
313 102
32 50
608 97
292 424
117 377
272 116
105 101
275 300
477 261
268 97
267 107
271 114
266 121
264 109
542 614
105 294
655 440
414 284
117 280
32 304
32 45
259 379
584 476
535 620
271 387
623 528
663 314
103 103
107 283
100 328
97 112
39 109
334 265
275 108
97 122
117 100
278 651
420 500
84 520
605 611
257 609
262 263
266 324
312 101
480 686
574 679
118 283
319 692
315 288
105 109
275 649
260 101
266 312
429 302
627 567
271 381
292 576
97 260
468 110
32 34
97 265
383 316
514 110
10 73
408 121
457 306
406 303
262 108
10 466
257 378
357 332
271 539
306 294
116 101
256 119
280 442
478 701
257 99
602 712
405 265
265 263
470 581
681 284
274 283
108 290
263 121
109 346
726 119
441 104
105 339
32 51
277 109
277 114
501 112
427 112
271 108
475 115
405 665
634 298
292 101
275 285
266 114
296 533
111 99
101 303
32 394
105 487
281 673
269 293
105 112
109 290
537 312
32 89
286 299
431 299
101 421
109 741
305 303
763 534
268 735
281 577
262 328
119 101
406 283
256 304
107 284
425 644
705 333
106 549
515 729
301 520
563 115
276 112
402 757
32 38
103 263
413 284
626 335
259 346
118 284
266 309
256 101
259 328
745 290
115 545
286 333
105 306
304 553
98 101
257 119
32 86
624 505
340 104
117 101
87 101
422 104
360 765
269 115
271 424
773 316
272 270
286 531
266 270
558 775
571 421
258 115
375 111
102 343
324 110
310 263
97 302
291 110
297 451
688 303
383 274
359 97
39 260
268 101
292 299
384 544
361 116
266 117
105 102
119 110
373 307
257 100
316 598
281 328
610 638
268 717
278 690
256 497
306 99
281 105
307 325
393 280
105 290
297 499
299 410
32 74
278 497
507 807
262 258
472 101
117 288
120 116
271 831
263 116
279 458
283 105
279 117
301 104
811 814
274 263
606 265
292 579
721 111
449 295
102 430
489 414
274 284
101 300
117 389
282 102
516 260
288 346
118 753
384 839
637 101
418 290
399 298
427 101
310 865
271 719
41 46
105 314
480 590
116 111
299 104
504 833
256 424
287 115
39 288
262 841
319 873
256 519
32 117
734 471
304 437
281 398
274 111
32 52
330 376
360 116
71 354
392 314
275 263
268 487
32 302
656 528
117 98
341 560
361 372
524 115
344 378
621 115
421 290
315 101
723 283
278 111
103 325
473 354
625 722
425 299
32 53
417 437
279 260
278 591
257 861
874 475
482 875
256 114
426 263
290 381
489 107
666 412
286 381
276 265
305 108
117 260
571 312
337 337
286 736
472 121
472 283
504 411
116 284
97 102
271 260
622 121
375 793
111 98
303 639
266 322
294 103
309 633
264 110
445 895
393 116
32 346
327 868
115 366
101 112
268 555
406 119
771 283
714 333
319 116
277 108
275 343
292 343
378 283
298 101
752 288
482 345
824 366
262 356
330 762
111 265
321 260
262 769
319 755
405 338
112 116
418 283
400 108
260 442
890 560
964 815
278 309
108 112
893 727
300 439
115 115
445 387
462 604
384 101
271 508
257 114
39 100
446 300
259 316
349 114
261 280
400 265
682 101
906 440
842 872
349 987
262 545
463 33
390 845
578 98
32 75
268 108
101 120
32 436
117 488
840 637
306 269
689 782
285 110
259 114
903 102
406 852
279 114
258 100
294 115
257 949
355 115
262 929
262 952
297 284
266 618
318 99
256 340
97 105
509 290
278 328
977 325
796 930
102 582
98 902
116 283
268 467
558 499
310 284
432 738
305 674
300 109
117 99
468 555
1015 983
311 294
470 488
110 101
619 664
275 299
292 477
461 114
268 343
279 108
643 287
107 115
297 114
97 492
256 263
281 290
105 346
271 300
278 300
259 293
272 101
269 104
262 779
805 283
276 442
392 731
272 115
935 588
70 295
111 302
32 85
296 333
759 276
397 675
281 433
305 437
276 412
268 572
262 1000
654 116
267 345
266 885
117 385
121 112
493 121
643 743
278 856
650 284
325 460
261 452
657 328
32 46
603 48
787 121
294 280
853 263
277 110
268 369
111 100
333 100
1055 116
911 121
262 99
32 342
311 121
260 110
405 334
428 293
797 732
259 534
286 551
316 102
832 100
275 411
958 102
1020 590
945 467
431 111
105 120
97 403
104 274
271 335
317 544
501 284
108 283
565 664
317 115
888 458
98 263
724 116
319 115
257 518
77 121
1041 882
900 346
266 269
716 1097
490 314
116 115
105 325
108 452
606 112
275 1016
259 631
289 830
343 311
269 121
536 284
266 108
434 101
319 103
111 727
957 115
636 1039
275 1116
281 304
289 112
286 1120
116 416
278 1093
312 121
304 288
950 265
118 290
361 111
340 116
586 358
810 283
330 430
285 794
114 738
32 326
496 115
289 345
922 604
262 274
578 109
478 104
628 115
449 304
382 111
275 274
973 283
624 316
10 83
750 260
500 108
268 851
292 407
481 333
318 884
648 48
290 112
268 698
97 385
478 812
459 104
668 283
419 791
292 325
1032 427
452 854
271 779
279 105
319 102
747 107
318 791
473 295
121 332
1195 969
268 934
344 265
300 121
1063 794
292 989
461 324
479 283
1054 897
522 115
305 265
274 377
256 1074
275 328
109 109
279 1150
468 338
109 591
268 261
286 309
829 101
310 477
891 115
259 1160
112 436
1019 579
615 263
489 332
297 631
787 1098
259 860
352 115
294 99
747 743
470 677
267 830
98 707
384 99
281 1210
278 373
1131 115
432 1002
1242 100
268 300
303 115
505 115
275 653
105 98
330 328
293 116
116 287
610 284
297 1085
262 324
382 756
116 258
399 101
275 298
1095 1194
513 265
644 389
324 284
1189 326
105 260
270 410
1237 1254
111 103
542 105
260 325
462 284
504 440
293 115
431 487
112 114
308 110
384 867
303 335
982 500
10 65
256 1092
460 101
257 118
826 283
275 104
1198 751
274 410
32 1201
117 265
104 1179
117 439
294 439
285 109
431 79
323 280
462 263
650 283
408 1012
292 546
658 1108
270 283
914 107
260 334
117 316
78 299
105 437
286 272
464 265
421 284
69 82
1061 499
270 352
262 270
300 98
1218 314
112 300
986 311
330 457
618 110
271 965
351 465
379 1154
319 316
300 314
111 306
420 1235
1143 458
98 115
394 990
524 100
268 546
566 1167
481 101
480 1136
279 817
397 107
1138 869
375 121
425 1113
742 878
376 121
515 98
400 288
259 546
470 290
311 812
507 300
366 116
259 1238
71 295
746 343
368 474
281 493
443 943
286 1178
278 1075
1319 314
461 110
103 300
1314 1050
107 325
338 283
445 457
281 1279
275 739
119 534
282 110
485 110
857 121
429 693
256 354
270 99
366 112
105 345
1183 283
1241 592
479 869
896 285
111 488
297 698
446 116
432 369
286 1307
261 581
292 452
285 100
400 115
271 531
944 295
271 269
368 376
97 280
680 490
318 332
361 258
792 751
108 549
102 116
287 263
1034 110
1211 306
103 428
73 116
66 81
828 385
321 357
271 704
970 115
319 280
658 392
424 283
1009 111
1234 115
316 662
384 730
399 1420
462 283
111 342
384 303
266 615
1272 115
108 105
260 99
266 111
267 1217
299 116
268 376
512 1260
41 44
286 457
734 1362
1304 1278
853 428
622 1244
740 322
760 366
1413 101
1005 592
479 101
105 111
45 45
110 121
275 114
1435 316
101 312
275 304
310 1024
305 1282
481 312
330 1091
275 567
276 110
826 115
270 115
259 1046
1112 959
110 299
48 48
268 1338
438 101
384 755
654 772
995 304
628 116
391 302
119 638
955 1373
1038 369
442 311
281 739
498 293
955 508
748 284
401 948
662 280
467 98
376 101
671 110
298 258
1495 1485
1159 997
32 44
1170 283
289 676
102 304
97 437
311 316
32 54
647 263
384 1405
619 493
593 284
905 917
305 799
1271 1291
1114 377
357 108
97 118
360 101
115 97
287 283
625 316
10 79
641 101
808 115
1084 1453
338 290
742 427
292 652
357 455
1145 263
719 115
516 98
463 463
788 288
1035 795
1388 474
97 119
414 499
654 455
445 333
966 97
100 510
276 100
384 274
87 346
530 314
858 274
332 263
340 293
378 284
537 455
319 100
319 112
257 357
361 104
330 1286
846 373
680 274
267 1482
1484 1146
330 121
97 298
268 1364
105 97
333 108
32 58
105 553
1056 1528
656 357
119 551
259 572
802 1400
289 110
616 116
101 288
342 265
449 285
1363 1148
721 326
689 1418
447 1430
105 592
286 1158
1185 121
813 306
330 114
272 112
103 294
1175 664
276 414
118 1493
292 490
257 1496
278 913
400 109
86 732
748 576
723 284
322 280
484 1331
914 1573
461 1294
114 270
266 549
97 357
672 115
99 99
369 103
310 108
536 287
122 287
275 407
266 274
293 415
262 107
524 121
344 786
268 294
393 99
1571 492
117 437
460 283
978 519
289 109
896 1378
319 332
294 107
561 284
272 283
274 458
1501 416
1164 302
262 325
1305 328
1264 280
422 258
63 63
311 389
602 378
279 1415
102 101
1421 325
361 274
512 335
468 1533
1255 975
508 112
310 428
97 338
770 115
346 121
102 572
1575 121
334 288
509 103
391 675
498 673
361 1631
260 332
382 300
771 112
256 416
266 1546
1045 115
99 1427
259 1229
1058 804
10 87
262 1298
456 1267
1205 1357
279 1428
368 387
802 541
302 108
278 533
111 968
300 107
415 762
516 377
357 100
606 412
740 306
328 795
32 56
108 311
652 346
297 878
445 582
750 645
788 97
335 115
281 1526
747 475
1151 379
1441 428
446 434
923 1155
535 112
271 426
118 346
319 109
1062 115
507 753
278 293
939 314
525 493
1410 1461
266 1562
261 115
883 283
746 817
97 117
10 801
262 1651
688 302
279 1513
268 394
516 378
1079 110
998 107
1468 388
737 48
117 290
271 285
796 592
292 1540
1139 356
820 115
109 293
537 1516
262 1322
110 284
300 116
857 452
1130 283
603 53
32 55
271 298
633 306
1348 263
854 476
275 111
515 1073
1358 1491
110 111
658 1584
271 324
270 97
278 476
266 1679
260 312
1559 1579
256 316
282 265
116 105
488 115
1687 490
271 598
482 488
1285 358
324 676
10 66
271 1719
423 428
264 588
1031 108
368 104
279 493
280 980
429 98
998 675
1522 290
278 1127
806 115
262 1625
108 572
658 373
1558 306
98 285
584 111
51 48
1038 519
1070 1588
266 421
461 75
112 582
1361 1676
366 452
256 815
100 739
338 263
553 109
330 411
565 493
110 452
1621 897
501 290
262 110
1757 116
266 376
122 121
1702 414
432 1303
1031 403
97 104
1640 1759
708 115
501 98
305 116
99 111
761 560
636 1790
98 121
368 444
279 300
353 121
385 311
834 115
449 1512
556 284
289 116
280 990
391 412
1680 720
105 263
285 107
666 1344
636 100
105 693
292 333
461 1052
431 1781
278 1018
770 283
10 67
110 283
825 115
327 1581
270 263
286 591
318 720
905 674
286 1605
858 1033
672 592
1084 455
262 1105
327 325
286 696
344 357
261 283
1316 283
275 427
289 343
309 639
258 108
266 1442
674 415
270 269
382 1755
1479 693
105 1476
275 851
279 1499
382 951
271 551
286 270
472 290
105 283
300 115
306 116
292 860
363 110
278 452
696 290
325 115
72 312
271 1018
680 1648
650 115
269 101
689 1600
1065 115
271 497
431 326
942 314
111 288
368 1129
1324 284
319 722
482 332
105 316
1280 115
714 326
103 283
266 440
330 1674
301 111
10 84
1839 1656
425 1408
516 1856
489 772
956 1281
400 116
10 80
281 604
405 119
645 105
704 314
49 48
724 574
492 312
352 316
262 1335
112 109
316 414
736 1777
395 108
1212 486
100 284
827 1203
280 872
275 804
109 98
401 117
103 299
1226 290
105 611
680 309
73 78
32 284
338 100
1425 1827
443 115
1831 284
368 269
279 508
299 115
406 1916
256 531
110 103
484 306
1188 676
402 112
32 415
1236 389
1451 529
1715 1608
286 1611
1930 403
405 1853
342 121
408 1681
304 412
382 476
76 65
296 539
266 394
305 1340
310 1750
311 116
643 475
828 121
1764 682
1609 283
278 340
277 414
639 733
260 290
742 804
278 1325
607 284
120 1921
300 662
1190 1456
271 97
1696 1128
104 295
1610 1306
300 97
1551 1784
313 1268
262 1523
406 300
117 270
10 68
271 322
103 261
261 105
394 112
100 100
1404 588
32 57
285 121
308 115
1436 366
275 645
570 1078
1277 551
324 782
470 102
441 346
1067 1375
1841 433
81 117
305 1155
109 1137
1265 314
105 403
272 102
315 108
1213 376
34 46
318 388
1949 1881
361 101
268 1174
102 452
1917 338
112 475
294 121
472 284
459 436
1056 1539
296 295
330 508
103 373
1145 428
275 457
304 283
103 111
616 1860
694 283
195 169
1022 392
115 293
261 290
1459 307
83 84
400 609
401 567
594 115
73 102
349 1915
53 48
285 433
1011 739
1822 314
710 116
1310 84
666 100
397 115
109 690
1938 1977
319 312
275 1646
2017 1912
331 388
431 751
82 101
376 97
382 1308
391 109
277 588
1768 1545
317 1123
310 104
917 410
281 800
1813 1683
375 440
119 1854
382 989
425 416
369 107
111 338
271 316
382 1103
2071 109
286 951
115 112
289 2067
950 488
320 1925
1744 121
260 620
378 631
586 486
432 309
349 312
1385 115
366 614
724 1345
109 1107
1710 339
944 101
748 577
1033 322
419 1788
319 334
431 101
459 108
357 293
278 555
268 430
114 333
492 283
1944 392
318 100
279 539
2097 553
76 1078
1837 389
291 720
1032 111
507 105
1807 99
851 121
10 72
101 121
923 287
278 492
361 316
1880 111
1187 1684
1774 733
1228 283
285 115
111 345
1187 1789
83 372
537 1727
399 114
399 885
1299 2110
101 722
271 1739
344 486
2107 2125
289 2086
346 352
114 451
263 110
359 110
275 324
1509 1973
419 1887
266 1908
900 270
262 312
32 33
1636 263
481 736
296 1309
330 101
298 115
1133 439
357 414
1910 2093
98 298
752 343
916 118
256 324
1124 314
266 272
271 306
361 263
758 115
361 112
422 294
78 326
674 121
988 1324
557 1123
275 2001
2157 676
501 1780
1861 283
1511 1626
32 39
319 1169
420 1535
537 116
10 45
626 111
349 300
1752 662
1297 101
271 354
1301 493
119 1069
622 1967
2026 284
1888 314
259 1203
461 550
112 263
1524 283
986 1306
261 121
507 316
74 373
67 539
1197 284
112 590
2062 1317
525 1382
416 314
371 1123
610 263
509 288
70 717
394 302
1059 283
118 2102
2214 733
653 302
68 293
256 677
103 114
294 101
318 102
310 274
97 106
621 116
1184 2009
1782 283
408 300
489 588
621 1040
1555 290
2066 555
108 546
1328 316
382 2063
509 284
271 969
259 555
275 1250
121 101
1729 306
985 284
119 104
1058 312
319 438
256 508
1616 1317
32 494
1374 314
257 112
399 300
2148 1002
102 263
492 105
274 116
478 99
1297 1503
1137 433
115 487
1212 786
647 510
32 2004
2115 795
119 1649
956 1968
715 121
956 698
1520 389
1826 1047
86 1326
935 2258
2270 534
323 1249
278 2140
261 111
769 287
486 1065
998 772
268 531
337 494
268 1127
99 116
333 442
305 1698
1439 116
262 531
349 551
558 2215
848 284
270 284
2104 303
116 665
383 294
272 388
744 115
266 2175
391 1638
1570 533
322 119
2282 577
321 110
105 342
582 115
262 284
1047 2035
260 119
256 1325
268 260
1659 263
636 118
281 276
108 284
304 290
263 1050
828 1390
66 415
343 121
1725 505
281 508
1632 115
304 112
1014 115
322 265
2094 388
1606 2216
445 111
322 120
281 490
97 306
311 997
746 97
1112 980
1898 284
271 346
1193 372
425 326
32 122
272 1377
272 1023
10 77
898 53
1011 274
395 2171
995 116
267 1604
2152 314
1208 2291
973 284
498 338
341 326
260 1169
104 121
101 101
399 415
99 381
472 1786
405 437
109 294
1088 2329
117 314
111 693
498 111
292 2112
395 1414
1477 283
994 786
390 110
311 1694
267 98
297 261
292 1169
2249 645
98 114
427 283
10 685
467 290
680 294
259 274
425 114
312 111
420 2350
271 1073
99 121
357 115
1717 1557
110 97
689 442
262 119
270 290
535 2252
821 98
633 112
862 263
1019 440
83 111
1601 1628
323 352
1563 41
2099 2006
478 2192
1253 428
279 1345
384 287
1863 283
569 2275
69 65
1009 263
408 101
259 1644
544 293
98 113
277 277
319 2326
473 111
420 579
704 442
470 119
301 2304
32 545
634 115
323 290
1095 578
1310 1955
1555 388
2161 653
110 467
449 114
482 288
281 2323
714 533
369 97
1753 334
271 117
799 427
1144 283
1929 71
571 119
267 334
279 121
105 118
466 121
459 649
421 287
99 1023
1931 306
309 283
274 290
327 290
759 1389
1220 115
105 285
2237 333
256 2199
883 284
284 314
258 116
1797 1700
459 101
287 111
315 1678
86 69
256 913
923 325
890 1873
2200 800
324 116
296 293
489 345
320 1567
110 1105
395 100
1440 120
112 108
570 276
119 930
628 102
432 867
484 1078
1256 115
856 553
361 381
278 307
1541 115
408 340
616 1149
422 307
687 2469
667 45
281 2299
116 293
50 48
464 385
1406 1320
774 2156
2022 115
268 458
1819 389
1439 105
361 720
118 121
49 53
473 299
2059 389
1745 433
10 70
278 274
319 99
994 2263
565 1382
1838 452
394 1039
278 335
2010 574
260 116
746 1672
1143 352
1446 101
266 2410
848 283
1480 261
271 101
301 72
1800 115
842 2019
1121 283
2314 284
1905 284
478 116
108 333
1231 284
2238 913
307 287
266 369
916 100
1502 97
1250 121
99 293
1443 284
351 261
616 1557
277 116
353 261
1583 579
1348 428
394 115
108 285
417 109
570 79
1188 2207
788 437
716 2497
76 76
256 2442
1332 116
300 105
2024 731
2244 415
425 762
262 293
266 294
267 492
1048 97
379 97
696 346
748 2337
393 1174
928 312
297 411
10 78
464 2383
422 316
698 107
10 1077
842 980
420 1953
383 325
2429 314
1144 311
628 2276
275 591
300 388
883 1263
504 415
10 1141
275 907
884 968
1657 1893
482 265
118 1543
832 118
278 1397
281 1618
121 975
710 102
256 582
316 328
933 2052
275 608
603 50
1802 1564
1851 115
628 99
260 467
408 294
69 1972
2050 2367
122 122
285 332
108 263
425 2302
1566 314
316 100
281 756
286 618
79 79
2437 1869
112 101
109 335
636 2056
756 306
119 1129
2136 314
63 33
846 111
257 385
905 1585
293 105
2141 115
296 2433
278 2444
262 377
301 2534
2043 121
916 693
262 411
1358 1927
492 300
2164 99
98 1749
745 101
292 2409
1157 800
83 116
559 1268
2418 97
504 290
2037 980
2371 1284
857 340
259 335
1840 843
279 366
432 907
1107 121
626 1966
458 403
456 1984
320 917
87 1129
114 1539
268 274
438 346
2344 269
2242 471
279 544
83 2585
263 794
422 300
274 115
392 1694
382 1602
281 499
294 97
542 2655
294 1060
1022 1470
643 261
1771 283
281 653
417 1232
278 311
425 346
2144 377
318 116
2473 272
838 465
924 314
349 274
1592 2313
281 1675
425 108
278 1587
445 299
329 115
121 115
398 475
768 284
316 111
262 934
1994 800
2158 867
366 115
2162 1951
399 108
2676 352
99 258
512 1662
1806 111
1151 101
408 99
978 902
400 378
469 333
1948 314
261 97
1299 2075
677 115
270 458
700 314
857 415
278 269
1815 1065
1936 2499
1197 283
268 2535
461 104
2613 410
46 34
99 284
495 115
425 261
292 1492
256 499
107 121
907 294
10 71
368 346
102 311
274 936
117 342
316 115
1787 283
310 2592
378 121
457 115
1939 652
2590 2619
89 276
2595 97
413 290
432 294
117 441
911 1517
2307 2661
570 1937
266 1085
